<!-- <svg width="188.56" height="38.48" viewBox="0 0 188.56 38.48"> -->
<g class="animated fadeIn delay-1" stroke-linecap="round" fill-rule="evenodd" font-size="9pt" fill="#fff" style="fill:fff"><path d="M 175.52 23.92 L 175.52 23.6 Q 172.64 23.6 170.94 22 Q 169.24 20.4 169.24 17.72 Q 169.24 14.24 172.08 11.66 Q 174.92 9.08 178.8 9.08 Q 179.8 9.08 181.72 9.48 Q 183.64 9.88 185.48 9.88 L 188.56 9.88 L 188.16 13.36 L 185.16 13 Q 185.56 14.16 185.56 15.64 Q 185.56 17.12 184.86 18.58 Q 184.16 20.04 183.18 20.92 Q 182.2 21.8 181.22 22.46 Q 180.24 23.12 179.54 23.62 Q 178.84 24.12 178.84 24.52 Q 178.84 25.28 180.44 25.84 Q 184.68 27.56 186.18 28.76 Q 187.68 29.96 187.68 31.72 Q 187.68 34.68 184.7 36.58 Q 181.72 38.48 177.6 38.48 Q 173.48 38.48 171.22 37.16 Q 168.96 35.84 168.96 33.64 Q 168.96 30.12 175.52 28.12 Q 173.96 27.32 173.96 26.04 Q 173.96 25.52 174.36 25 Q 174.76 24.48 175.52 23.92 Z M 154.32 16.36 L 154.32 19.28 L 154.76 28.68 L 149.4 29.68 L 149.88 19.96 Q 149.72 14.6 149 10.36 L 153.84 9.32 Q 154.12 11.64 154.24 13.84 Q 154.84 13.04 155.6 12.26 Q 156.36 11.48 158 10.5 Q 159.64 9.52 161.46 9.52 Q 163.28 9.52 164.52 10.94 Q 165.76 12.36 165.76 14.8 L 165.52 19.28 L 165.96 28.88 L 160.56 29.88 L 161.04 19.56 Q 161.04 16.8 160.56 15.88 Q 160.08 14.96 158.32 14.96 Q 156.56 14.96 154.32 16.36 Z M 49.84 16.36 L 49.84 19.28 L 50.28 28.68 L 44.92 29.68 L 45.4 19.96 Q 45.24 14.6 44.52 10.36 L 49.36 9.32 Q 49.64 11.64 49.76 13.84 Q 50.36 13.04 51.12 12.26 Q 51.88 11.48 53.52 10.5 Q 55.16 9.52 56.98 9.52 Q 58.8 9.52 60.04 10.94 Q 61.28 12.36 61.28 14.8 L 61.04 19.28 L 61.48 28.88 L 56.08 29.88 L 56.56 19.56 Q 56.56 16.8 56.08 15.88 Q 55.6 14.96 53.84 14.96 Q 52.08 14.96 49.84 16.36 Z M 84.44 24.52 L 84.68 19.92 L 84.24 10.32 L 89.6 9.32 L 89.08 21.48 Q 89.08 23.2 89.7 24 Q 90.32 24.8 91.68 24.8 Q 93.04 24.8 95.44 23.44 L 95.44 21.04 L 95 10.52 L 100.4 9.52 L 99.92 19.52 L 99.96 22.8 Q 99.96 25.36 101.28 27.96 L 97.12 29.8 Q 95.8 27.2 95.52 25.64 Q 91.92 29.68 89.28 29.68 Q 87.12 29.68 85.78 28.26 Q 84.44 26.84 84.44 24.52 Z M 71.6 38.48 L 66.44 37.4 L 70.56 28.16 L 67.6 20.08 L 63.56 10.36 L 68.88 9.36 L 71.44 17.88 L 72.76 21.92 L 73.28 21.92 L 74.24 19 L 77.12 9.32 L 82.04 9.92 L 74.96 28.52 L 71.6 38.48 Z M 137.28 17.88 L 140 17.88 L 140 17.2 Q 140 15.24 139.2 14.52 Q 138.4 13.8 136.2 13.8 Q 135.28 13.8 134.02 14.18 Q 132.76 14.56 131.2 15.36 L 130.04 12.2 Q 131.76 11 134.22 10.04 Q 136.68 9.08 138.28 9.08 Q 144.56 9.08 144.56 15.16 L 144.56 23 Q 144.56 25.24 145.96 28 L 141.72 29.8 Q 140.72 27.88 140.24 26.36 Q 138.04 29.68 134.68 29.68 Q 132.32 29.68 130.82 28.18 Q 129.32 26.68 129.32 24.14 Q 129.32 21.6 131.64 19.74 Q 133.96 17.88 137.28 17.88 Z M 32.8 17.88 L 35.52 17.88 L 35.52 17.2 Q 35.52 15.24 34.72 14.52 Q 33.92 13.8 31.72 13.8 Q 30.8 13.8 29.54 14.18 Q 28.28 14.56 26.72 15.36 L 25.56 12.2 Q 27.28 11 29.74 10.04 Q 32.2 9.08 33.8 9.08 Q 40.08 9.08 40.08 15.16 L 40.08 23 Q 40.08 25.24 41.48 28 L 37.24 29.8 Q 36.24 27.88 35.76 26.36 Q 33.56 29.68 30.2 29.68 Q 27.84 29.68 26.34 28.18 Q 24.84 26.68 24.84 24.14 Q 24.84 21.6 27.16 19.74 Q 29.48 17.88 32.8 17.88 Z M 105.56 38.12 L 106.8 33.56 Q 108.16 33.92 109.34 33.92 Q 110.52 33.92 111.04 33.04 Q 111.56 32.16 111.56 29.88 L 111.52 19.96 L 111.08 10.32 L 116.44 9.32 L 115.96 19.28 L 116.4 28.32 Q 116.4 32.48 114.16 35.48 Q 111.92 38.48 108.84 38.48 Q 107.2 38.48 105.56 38.12 Z M 0 29.72 L 1.28 24.92 Q 2.6 25.36 3.84 25.36 Q 6.28 25.36 6.28 21.32 L 5.72 2.88 L 11.4 1.88 L 10.84 19.92 Q 10.84 24.28 8.72 27.18 Q 6.6 30.08 3.28 30.08 Q 1.64 30.08 0 29.72 Z M 120.92 10.32 L 126.28 9.32 L 125.8 19.28 L 126.24 28.68 L 120.88 29.68 L 121.36 19.96 L 120.92 10.32 Z M 16.44 10.32 L 21.8 9.32 L 21.32 19.28 L 21.76 28.68 L 16.4 29.68 L 16.88 19.96 L 16.44 10.32 Z M 181.04 16.84 Q 181.04 14.88 180.16 13.96 Q 179.28 13.04 177.4 13.04 Q 173.76 13.04 173.76 16.62 Q 173.76 20.2 177.64 20.2 Q 181.04 20.2 181.04 16.84 Z M 182.48 32.32 Q 182.48 31.6 181.72 30.98 Q 180.96 30.36 179 29.52 Q 176.08 30.32 174.98 31 Q 173.88 31.68 173.88 32.68 Q 173.88 33.68 174.98 34.3 Q 176.08 34.92 178.04 34.92 Q 180 34.92 181.24 34.2 Q 182.48 33.48 182.48 32.32 Z M 110.8 3.5 Q 110.8 2.12 111.84 1.06 Q 112.88 0 114.26 0 Q 115.64 0 116.34 0.74 Q 117.04 1.48 117.04 2.94 Q 117.04 4.4 116.04 5.48 Q 115.04 6.56 113.7 6.56 Q 112.36 6.56 111.58 5.72 Q 110.8 4.88 110.8 3.5 Z M 120.64 3.46 Q 120.64 2.12 121.68 1.06 Q 122.72 0 124.08 0 Q 125.44 0 126.16 0.74 Q 126.88 1.48 126.88 2.96 Q 126.88 4.44 125.86 5.5 Q 124.84 6.56 123.5 6.56 Q 122.16 6.56 121.4 5.68 Q 120.64 4.8 120.64 3.46 Z M 16.16 3.46 Q 16.16 2.12 17.2 1.06 Q 18.24 0 19.6 0 Q 20.96 0 21.68 0.74 Q 22.4 1.48 22.4 2.96 Q 22.4 4.44 21.38 5.5 Q 20.36 6.56 19.02 6.56 Q 17.68 6.56 16.92 5.68 Q 16.16 4.8 16.16 3.46 Z M 140 23.96 L 140 21.28 Q 137.88 20.8 136.56 20.8 Q 134.04 20.8 134.04 23.04 Q 134.04 24.2 134.68 24.9 Q 135.32 25.6 136.36 25.6 Q 137.96 25.6 140 23.96 Z M 35.52 23.96 L 35.52 21.28 Q 33.4 20.8 32.08 20.8 Q 29.56 20.8 29.56 23.04 Q 29.56 24.2 30.2 24.9 Q 30.84 25.6 31.88 25.6 Q 33.48 25.6 35.52 23.96 Z" vector-effect="non-scaling-stroke"/>


<!-- </g> -->
  <!-- a splited version  -->
  <!-- <g id="lineDrawing" stroke-linecap="round" fill-rule="evenodd" font-size="9pt" stroke="#000" stroke-width="0.25mm" fill="none" style="stroke:#000;stroke-width:0.25mm;fill:none">
    <path d="M 35.52 23.96 L 35.52 21.28 Q 33.4 20.8 32.08 20.8 Q 29.56 20.8 29.56 23.04 Q 29.56 24.2 30.2 24.9 Q 30.84 25.6 31.88 25.6 Q 33.48 25.6 35.52 23.96 Z" vector-effect="non-scaling-stroke"/>
    <path d="M 140 23.96 L 140 21.28 Q 137.88 20.8 136.56 20.8 Q 134.04 20.8 134.04 23.04 Q 134.04 24.2 134.68 24.9 Q 135.32 25.6 136.36 25.6 Q 137.96 25.6 140 23.96 Z" vector-effect="non-scaling-stroke"/>
    <path d="M 16.16 3.46 Q 16.16 2.12 17.2 1.06 Q 18.24 0 19.6 0 Q 20.96 0 21.68 0.74 Q 22.4 1.48 22.4 2.96 Q 22.4 4.44 21.38 5.5 Q 20.36 6.56 19.02 6.56 Q 17.68 6.56 16.92 5.68 Q 16.16 4.8 16.16 3.46 Z" vector-effect="non-scaling-stroke"/>
    <path d="M 120.64 3.46 Q 120.64 2.12 121.68 1.06 Q 122.72 0 124.08 0 Q 125.44 0 126.16 0.74 Q 126.88 1.48 126.88 2.96 Q 126.88 4.44 125.86 5.5 Q 124.84 6.56 123.5 6.56 Q 122.16 6.56 121.4 5.68 Q 120.64 4.8 120.64 3.46 Z" vector-effect="non-scaling-stroke"/>
    <path d="M 110.8 3.5 Q 110.8 2.12 111.84 1.06 Q 112.88 0 114.26 0 Q 115.64 0 116.34 0.74 Q 117.04 1.48 117.04 2.94 Q 117.04 4.4 116.04 5.48 Q 115.04 6.56 113.7 6.56 Q 112.36 6.56 111.58 5.72 Q 110.8 4.88 110.8 3.5 Z" vector-effect="non-scaling-stroke"/>
    <path d="M 182.48 32.32 Q 182.48 31.6 181.72 30.98 Q 180.96 30.36 179 29.52 Q 176.08 30.32 174.98 31 Q 173.88 31.68 173.88 32.68 Q 173.88 33.68 174.98 34.3 Q 176.08 34.92 178.04 34.92 Q 180 34.92 181.24 34.2 Q 182.48 33.48 182.48 32.32 Z" vector-effect="non-scaling-stroke"/>
    <path d="M 181.04 16.84 Q 181.04 14.88 180.16 13.96 Q 179.28 13.04 177.4 13.04 Q 173.76 13.04 173.76 16.62 Q 173.76 20.2 177.64 20.2 Q 181.04 20.2 181.04 16.84 Z" vector-effect="non-scaling-stroke"/>
    <path d="M 16.44 10.32 L 21.8 9.32 L 21.32 19.28 L 21.76 28.68 L 16.4 29.68 L 16.88 19.96 L 16.44 10.32 Z" vector-effect="non-scaling-stroke"/>
    <path d="M 120.92 10.32 L 126.28 9.32 L 125.8 19.28 L 126.24 28.68 L 120.88 29.68 L 121.36 19.96 L 120.92 10.32 Z" vector-effect="non-scaling-stroke"/>
    <path d="M 0 29.72 L 1.28 24.92 Q 2.6 25.36 3.84 25.36 Q 6.28 25.36 6.28 21.32 L 5.72 2.88 L 11.4 1.88 L 10.84 19.92 Q 10.84 24.28 8.72 27.18 Q 6.6 30.08 3.28 30.08 Q 1.64 30.08 0 29.72 Z" vector-effect="non-scaling-stroke"/>
    <path d="M 105.56 38.12 L 106.8 33.56 Q 108.16 33.92 109.34 33.92 Q 110.52 33.92 111.04 33.04 Q 111.56 32.16 111.56 29.88 L 111.52 19.96 L 111.08 10.32 L 116.44 9.32 L 115.96 19.28 L 116.4 28.32 Q 116.4 32.48 114.16 35.48 Q 111.92 38.48 108.84 38.48 Q 107.2 38.48 105.56 38.12 Z" vector-effect="non-scaling-stroke"/>
    <path d="M 32.8 17.88 L 35.52 17.88 L 35.52 17.2 Q 35.52 15.24 34.72 14.52 Q 33.92 13.8 31.72 13.8 Q 30.8 13.8 29.54 14.18 Q 28.28 14.56 26.72 15.36 L 25.56 12.2 Q 27.28 11 29.74 10.04 Q 32.2 9.08 33.8 9.08 Q 40.08 9.08 40.08 15.16 L 40.08 23 Q 40.08 25.24 41.48 28 L 37.24 29.8 Q 36.24 27.88 35.76 26.36 Q 33.56 29.68 30.2 29.68 Q 27.84 29.68 26.34 28.18 Q 24.84 26.68 24.84 24.14 Q 24.84 21.6 27.16 19.74 Q 29.48 17.88 32.8 17.88 Z" vector-effect="non-scaling-stroke"/>
    <path d="M 137.28 17.88 L 140 17.88 L 140 17.2 Q 140 15.24 139.2 14.52 Q 138.4 13.8 136.2 13.8 Q 135.28 13.8 134.02 14.18 Q 132.76 14.56 131.2 15.36 L 130.04 12.2 Q 131.76 11 134.22 10.04 Q 136.68 9.08 138.28 9.08 Q 144.56 9.08 144.56 15.16 L 144.56 23 Q 144.56 25.24 145.96 28 L 141.72 29.8 Q 140.72 27.88 140.24 26.36 Q 138.04 29.68 134.68 29.68 Q 132.32 29.68 130.82 28.18 Q 129.32 26.68 129.32 24.14 Q 129.32 21.6 131.64 19.74 Q 133.96 17.88 137.28 17.88 Z" vector-effect="non-scaling-stroke"/>
    <path d="M 71.6 38.48 L 66.44 37.4 L 70.56 28.16 L 67.6 20.08 L 63.56 10.36 L 68.88 9.36 L 71.44 17.88 L 72.76 21.92 L 73.28 21.92 L 74.24 19 L 77.12 9.32 L 82.04 9.92 L 74.96 28.52 L 71.6 38.48 Z" vector-effect="non-scaling-stroke"/>
    <path d="M 84.44 24.52 L 84.68 19.92 L 84.24 10.32 L 89.6 9.32 L 89.08 21.48 Q 89.08 23.2 89.7 24 Q 90.32 24.8 91.68 24.8 Q 93.04 24.8 95.44 23.44 L 95.44 21.04 L 95 10.52 L 100.4 9.52 L 99.92 19.52 L 99.96 22.8 Q 99.96 25.36 101.28 27.96 L 97.12 29.8 Q 95.8 27.2 95.52 25.64 Q 91.92 29.68 89.28 29.68 Q 87.12 29.68 85.78 28.26 Q 84.44 26.84 84.44 24.52 Z" vector-effect="non-scaling-stroke"/>
    <path d="M 49.84 16.36 L 49.84 19.28 L 50.28 28.68 L 44.92 29.68 L 45.4 19.96 Q 45.24 14.6 44.52 10.36 L 49.36 9.32 Q 49.64 11.64 49.76 13.84 Q 50.36 13.04 51.12 12.26 Q 51.88 11.48 53.52 10.5 Q 55.16 9.52 56.98 9.52 Q 58.8 9.52 60.04 10.94 Q 61.28 12.36 61.28 14.8 L 61.04 19.28 L 61.48 28.88 L 56.08 29.88 L 56.56 19.56 Q 56.56 16.8 56.08 15.88 Q 55.6 14.96 53.84 14.96 Q 52.08 14.96 49.84 16.36 Z" vector-effect="non-scaling-stroke"/>
    <path d="M 154.32 16.36 L 154.32 19.28 L 154.76 28.68 L 149.4 29.68 L 149.88 19.96 Q 149.72 14.6 149 10.36 L 153.84 9.32 Q 154.12 11.64 154.24 13.84 Q 154.84 13.04 155.6 12.26 Q 156.36 11.48 158 10.5 Q 159.64 9.52 161.46 9.52 Q 163.28 9.52 164.52 10.94 Q 165.76 12.36 165.76 14.8 L 165.52 19.28 L 165.96 28.88 L 160.56 29.88 L 161.04 19.56 Q 161.04 16.8 160.56 15.88 Q 160.08 14.96 158.32 14.96 Q 156.56 14.96 154.32 16.36 Z" vector-effect="non-scaling-stroke"/>
    <path d="M 175.52 23.92 L 175.52 23.6 Q 172.64 23.6 170.94 22 Q 169.24 20.4 169.24 17.72 Q 169.24 14.24 172.08 11.66 Q 174.92 9.08 178.8 9.08 Q 179.8 9.08 181.72 9.48 Q 183.64 9.88 185.48 9.88 L 188.56 9.88 L 188.16 13.36 L 185.16 13 Q 185.56 14.16 185.56 15.64 Q 185.56 17.12 184.86 18.58 Q 184.16 20.04 183.18 20.92 Q 182.2 21.8 181.22 22.46 Q 180.24 23.12 179.54 23.62 Q 178.84 24.12 178.84 24.52 Q 178.84 25.28 180.44 25.84 Q 184.68 27.56 186.18 28.76 Q 187.68 29.96 187.68 31.72 Q 187.68 34.68 184.7 36.58 Q 181.72 38.48 177.6 38.48 Q 173.48 38.48 171.22 37.16 Q 168.96 35.84 168.96 33.64 Q 168.96 30.12 175.52 28.12 Q 173.96 27.32 173.96 26.04 Q 173.96 25.52 174.36 25 Q 174.76 24.48 175.52 23.92 Z" vector-effect="non-scaling-stroke"/>
    </g> -->
  <!-- </svg> -->
